time(s),bpm
7.88,56.2
8.06,56.2
8.22,56.2
8.39,56.8
8.55,57.3
8.72,57.9
9.05,58.4
9.22,58.3
9.40,58.2
9.56,58.1
9.73,58.1
9.89,58.3
10.07,58.2
10.25,58.5
10.43,58.7
10.59,58.9
10.76,59.2
10.93,59.4
11.09,59.6
11.26,59.8
11.45,60.0
11.64,60.5
11.83,60.3
11.99,60.1
12.33,59.9
12.49,60.4
12.66,61.0
12.83,61.1
12.99,61.2
13.17,61.3
13.36,61.4
13.53,61.5
13.70,61.8
13.86,62.1
14.03,62.4
14.43,62.6
14.62,62.9
14.79,63.1
14.97,63.3
15.13,63.5
15.30,63.7
15.51,63.8
15.70,64.0
15.86,64.2
16.20,64.3
16.37,64.4
16.53,64.6
16.86,64.5
17.20,64.6
17.37,64.6
17.53,64.7
17.70,64.8
18.03,64.7
18.20,64.6
18.37,64.2
18.58,64.3
18.76,63.9
19.07,63.4
19.24,63.0
19.43,62.7
19.73,62.3
19.90,62.0
