time(s),bpm
7.88,84.4
8.07,84.4
8.25,84.4
8.42,84.4
8.59,84.4
8.76,84.4
8.92,84.4
9.09,84.4
9.26,84.4
9.42,84.4
9.59,84.4
9.93,84.4
10.10,84.4
10.26,84.4
10.44,84.4
10.62,84.4
10.79,84.4
11.19,84.4
11.55,84.4
11.91,84.4
12.09,84.4
12.26,84.4
12.43,84.4
12.59,84.4
12.76,84.4
12.93,84.4
13.10,84.4
13.26,84.4
13.43,84.4
13.60,84.4
13.77,83.8
13.93,83.8
14.12,83.9
14.30,83.9
14.46,83.9
15.13,83.9
15.30,83.4
15.46,82.8
15.63,81.8
15.97,81.1
16.22,80.7
16.40,79.7
16.57,78.8
16.74,78.3
16.90,77.9
17.07,77.1
17.23,76.7
17.73,76.3
17.90,75.6
18.07,75.3
18.23,75.0
18.52,74.8
18.70,74.5
18.87,73.9
19.51,73.7
19.84,73.5
20.17,72.9
20.34,72.8
20.51,72.6
20.67,72.5
20.84,72.4
21.01,72.3
21.17,72.2
21.37,72.1
21.55,71.6
21.74,71.5
21.92,71.4
22.29,71.4
22.47,71.3
22.83,71.3
23.01,71.2
23.74,71.1
24.10,71.1
24.28,71.1
24.44,71.0
24.62,71.0
24.96,70.9
25.14,70.9
25.31,70.9
25.67,70.8
25.84,70.8
26.01,70.8
26.18,70.8
26.35,70.7
26.54,70.7
26.71,70.7
26.88,70.5
27.24,70.7
27.41,70.8
27.58,71.0
27.77,71.0
27.95,70.9
28.14,71.1
28.48,71.2
28.65,71.4
28.84,71.5
29.01,71.7
29.18,71.8
29.34,71.9
29.52,71.8
30.11,71.7
30.28,71.6
30.46,71.6
30.64,71.5
30.82,71.4
31.01,71.4
31.18,71.3
31.69,71.3
31.88,71.2
32.05,71.1
32.41,71.1
32.58,71.1
32.93,71.0
33.11,70.6
33.29,70.6
33.68,70.2
33.85,70.2
34.01,70.2
34.18,70.4
34.35,70.4
