time(s),bpm
7.71,84.4
8.24,85.9
8.74,85.8
9.28,85.8
9.77,86.0
10.28,86.2
10.81,86.1
11.31,86.4
11.81,86.6
12.31,86.8
12.81,87.0
13.31,87.3
13.81,87.5
14.37,87.7
14.91,87.7
15.45,87.7
15.99,87.9
16.52,88.1
17.02,88.1
17.55,88.0
18.15,89.7
18.68,91.3
19.18,91.1
19.68,91.0
20.19,91.7
20.72,91.5
21.33,91.3
21.86,91.1
22.39,91.2
22.88,91.0
23.43,90.8
23.95,90.7
24.45,90.7
24.99,90.5
25.49,90.4
26.02,92.0
26.56,92.0
27.09,91.7
27.62,91.5
28.12,91.5
28.67,91.3
29.19,91.1
29.74,91.0
30.26,90.8
30.80,90.6
31.33,90.5
31.88,92.1
32.50,92.1
33.02,92.8
33.52,93.5
34.03,94.2
