time(s),bpm
10.60,84.4
11.11,83.4
11.61,85.0
12.11,85.5
12.65,86.0
13.18,86.6
13.68,87.1
14.21,86.6
14.72,87.2
15.22,87.7
15.71,88.2
16.21,88.7
16.71,89.4
17.21,90.0
17.72,90.6
18.21,91.2
18.73,91.7
19.25,92.5
19.82,93.2
20.35,93.8
20.92,94.2
21.45,94.7
21.98,94.7
22.52,94.7
23.09,95.3
23.62,95.4
24.19,95.6
24.72,96.1
25.29,96.1
25.80,96.8
26.36,97.5
26.92,96.7
27.42,97.2
27.99,97.7
28.56,97.7
29.09,97.8
29.64,97.8
30.22,98.4
30.76,99.0
31.26,99.6
31.79,99.5
32.32,99.4
32.86,99.4
33.39,99.7
33.90,100.0
34.49,100.4
35.03,100.2
35.56,100.1
36.13,100.0
36.66,100.5
37.20,100.6
37.76,100.7
38.33,100.6
38.84,100.5
39.40,101.5
39.93,101.0
40.47,101.2
41.00,101.4
41.57,102.5
42.10,103.4
42.67,102.9
43.20,103.9
43.77,104.0
44.30,104.0
44.84,104.1
45.40,104.2
45.94,104.1
46.47,103.8
46.97,103.5
47.47,103.4
47.97,103.3
48.50,103.0
49.01,102.8
49.54,102.5
50.04,102.3
50.57,100.9
51.11,99.2
51.64,98.7
52.17,98.7
52.71,98.7
53.24,97.7
53.78,97.6
54.28,97.4
54.81,97.5
55.34,97.5
55.88,97.4
56.41,96.4
56.94,96.4
57.48,96.3
58.04,96.4
58.58,96.3
59.12,95.6
59.69,95.0
60.21,94.4
60.78,93.3
61.35,93.6
61.85,94.2
62.38,94.9
62.88,96.2
63.41,96.4
63.95,97.7
64.48,98.9
65.02,98.7
65.52,99.8
66.05,99.8
66.58,100.1
67.18,100.4
67.72,100.7
68.22,100.3
68.72,100.8
69.25,100.9
69.78,101.9
70.32,102.9
70.85,102.7
71.39,101.4
71.89,101.3
72.49,101.1
72.99,102.2
73.53,103.1
74.06,104.0
74.55,103.7
75.09,101.1
75.62,99.5
76.16,97.9
76.70,99.1
77.39,100.3
77.93,100.2
78.42,101.2
78.93,99.5
79.42,98.1
79.96,96.7
80.63,95.6
81.16,94.4
81.70,93.4
82.23,92.5
82.73,91.7
83.30,90.9
83.83,90.1
84.36,89.4
84.90,88.9
85.43,88.5
86.06,88.0
86.64,87.6
87.16,87.3
87.70,86.7
88.27,86.4
88.84,85.7
89.66,85.6
90.23,84.9
90.73,84.9
91.23,84.9
91.73,84.9
