time(s),bpm
8.05,84.4
8.22,84.4
8.39,84.4
8.57,84.4
8.75,84.4
8.92,84.4
9.09,84.4
9.26,84.4
9.42,84.4
9.75,84.4
9.92,84.4
10.09,84.4
10.59,84.4
10.77,84.4
10.95,84.4
11.14,84.4
11.51,84.0
11.69,83.3
11.85,83.0
12.02,82.7
12.36,82.4
12.52,82.1
12.69,81.9
12.86,81.6
13.03,81.4
13.19,81.2
13.36,81.0
13.52,80.8
13.69,80.6
13.86,80.4
14.02,80.2
14.36,80.3
14.52,80.3
14.69,80.3
14.86,80.4
15.03,80.4
15.19,80.4
15.36,80.4
15.52,79.9
15.78,79.3
16.12,78.8
16.29,78.4
16.46,77.9
16.63,77.5
16.79,77.1
16.96,76.7
17.13,76.3
17.29,76.0
17.46,75.7
17.63,75.2
17.97,74.7
18.13,74.3
18.46,74.1
18.63,73.6
18.80,73.5
18.97,73.3
19.13,73.1
19.34,72.8
19.53,72.4
19.70,72.1
19.86,71.8
20.03,71.5
20.20,71.3
20.37,71.0
20.70,70.8
20.86,70.6
21.03,70.3
21.20,70.1
21.40,70.0
21.57,69.8
21.73,70.0
22.07,69.4
22.77,68.9
22.93,69.2
23.27,68.6
23.43,68.1
23.61,68.5
23.77,68.8
24.11,68.7
24.46,68.5
24.63,68.5
24.80,68.4
24.99,68.3
25.39,68.2
25.57,68.1
25.74,68.0
25.90,68.0
26.07,67.9
26.24,67.8
26.41,67.8
26.57,67.7
26.74,67.7
26.90,67.6
27.07,67.6
27.24,67.5
