time(s),bpm
7.88,98.4
8.05,98.4
8.39,98.4
8.55,98.4
8.72,98.4
8.89,97.8
9.23,97.3
9.39,96.7
9.56,96.1
9.72,95.6
9.89,95.0
10.06,95.5
10.22,96.0
10.39,96.5
10.56,97.0
10.73,96.3
10.90,96.8
11.06,97.2
11.42,97.7
11.59,97.7
11.81,97.8
11.99,97.8
12.16,97.8
12.32,97.5
12.53,97.5
12.70,97.2
12.89,96.9
13.12,96.6
13.29,96.3
13.46,96.0
13.63,95.8
13.79,95.5
13.96,95.3
14.13,95.1
14.29,94.3
14.46,94.1
14.63,94.0
14.80,93.8
14.99,93.7
15.16,93.6
15.33,93.8
15.50,93.7
15.66,93.6
15.83,92.5
16.00,91.8
16.16,90.2
16.33,89.7
16.67,89.2
16.88,88.7
17.06,88.3
17.23,87.9
17.39,86.5
17.73,86.2
18.07,85.9
18.24,85.6
18.40,84.9
18.57,84.3
18.73,83.7
18.90,82.6
19.40,82.1
19.73,81.6
19.97,81.2
20.14,80.8
20.30,80.8
20.47,80.4
20.63,79.6
20.80,78.9
21.14,78.0
21.30,77.8
21.47,77.6
21.68,77.0
21.92,76.8
22.10,76.6
22.27,76.5
22.60,76.3
22.77,76.2
22.93,75.7
23.10,75.2
23.27,75.1
23.44,74.6
23.61,74.2
23.77,74.2
23.98,74.1
24.17,74.1
24.34,74.1
24.50,74.1
24.67,74.1
25.11,74.1
25.27,74.1
25.44,74.0
25.77,74.0
25.94,74.0
26.11,74.0
26.27,74.0
26.44,73.8
26.61,73.8
26.77,73.8
26.94,73.8
27.27,73.8
27.61,73.8
27.92,73.8
28.27,73.8
28.44,73.6
28.61,73.4
28.78,73.2
29.11,73.1
29.27,72.9
29.44,72.8
29.61,72.6
29.92,72.5
30.10,72.4
30.27,72.3
30.49,72.2
31.01,72.1
31.17,72.0
31.51,71.9
31.68,72.0
31.84,72.1
32.18,72.2
32.51,72.3
33.01,72.4
33.18,72.4
33.34,72.5
33.51,72.6
33.68,72.5
33.85,72.3
34.01,72.2
34.18,72.1
34.34,72.0
34.51,71.9
34.85,71.8
35.19,71.7
35.38,71.7
35.55,71.6
35.72,71.5
35.90,71.5
36.10,71.4
36.28,71.3
