time(s),bpm
8.32,98.4
8.49,98.4
8.66,98.4
8.83,98.4
8.99,98.4
9.16,98.4
9.49,98.8
9.66,99.0
10.00,98.8
10.18,99.0
10.36,99.2
10.54,99.4
10.93,99.1
11.26,99.4
11.43,99.6
11.60,99.8
11.79,99.5
11.97,99.7
12.20,99.9
12.39,99.6
12.56,99.8
12.89,100.0
13.07,100.3
13.23,100.5
13.57,100.7
13.83,100.9
14.38,100.5
14.58,99.5
14.76,98.6
14.95,98.3
15.20,97.4
15.36,96.6
15.54,95.8
15.70,95.6
15.86,94.7
16.20,93.8
16.38,93.0
16.59,92.1
16.77,91.4
16.93,91.2
17.11,90.6
17.34,89.8
17.59,89.2
17.93,88.4
18.32,87.3
18.67,86.9
19.20,86.5
19.37,86.1
19.70,85.7
20.04,85.3
20.22,85.0
20.40,84.7
20.74,84.0
21.11,83.4
21.45,82.6
21.81,82.0
22.00,81.5
22.40,81.0
22.57,81.3
22.76,80.9
23.11,80.4
23.35,80.0
23.53,79.5
23.71,79.1
23.88,78.7
24.07,78.8
24.32,78.9
24.50,78.6
24.68,78.2
24.89,77.8
25.07,77.5
25.26,77.7
25.67,77.3
25.85,77.0
26.03,76.7
26.29,76.5
26.47,76.2
26.64,75.9
26.81,75.8
26.98,75.6
27.14,75.5
27.31,75.5
27.65,75.4
27.81,75.3
27.98,74.9
28.17,74.6
28.34,74.2
28.58,74.1
28.74,73.9
29.22,73.6
29.55,73.3
29.77,73.0
29.98,72.9
30.48,72.8
30.65,72.7
30.86,72.6
31.04,72.2
31.21,71.8
31.38,71.4
31.54,71.1
31.71,71.0
31.88,71.0
32.48,71.0
32.79,70.9
32.98,71.1
33.29,70.4
33.63,70.1
33.81,69.8
34.01,69.8
34.18,69.8
34.41,69.9
34.67,69.9
34.99,69.9
35.17,69.6
35.36,69.3
35.55,69.5
35.72,69.7
35.91,69.9
36.18,70.1
36.46,70.2
36.65,70.4
36.82,70.5
37.01,70.7
37.18,70.8
37.40,71.0
37.58,71.1
37.76,71.2
37.94,71.2
38.12,70.8
38.29,70.9
38.48,71.1
38.82,71.0
38.98,71.2
39.30,70.7
39.55,70.8
39.76,70.9
39.95,71.1
40.12,71.2
40.48,71.6
40.65,72.0
40.82,72.4
40.99,72.8
41.18,73.0
41.54,73.2
41.72,73.3
41.89,73.5
42.07,73.7
42.27,73.7
42.65,74.0
42.96,74.3
43.15,74.6
43.33,74.9
43.52,75.1
43.71,75.4
43.89,75.6
44.05,75.8
44.23,76.1
44.42,76.3
44.63,76.5
44.81,76.7
44.99,76.9
45.16,77.0
45.35,77.2
45.52,77.4
45.69,77.5
45.88,77.7
46.23,77.8
46.43,77.9
46.59,78.1
46.77,78.2
46.95,78.3
47.19,78.4
47.53,78.5
47.72,78.6
47.91,78.4
48.09,78.5
48.27,78.3
48.45,78.1
48.63,77.9
48.83,78.1
49.06,78.2
49.23,78.0
49.42,77.8
49.60,77.6
49.79,76.7
49.98,76.3
50.17,76.2
50.35,76.1
50.53,76.3
50.74,75.4
50.92,74.6
51.63,74.5
51.82,73.7
52.00,73.0
52.24,72.2
52.42,71.5
52.60,70.9
52.79,70.2
52.96,69.6
53.20,69.0
53.37,68.5
53.56,67.9
53.73,67.4
53.90,66.9
54.09,66.5
54.43,66.0
54.60,65.6
54.80,65.2
54.98,64.8
55.81,64.4
56.15,64.1
56.48,63.7
56.66,63.9
56.83,64.0
57.00,64.1
57.20,63.8
57.38,63.9
57.56,64.0
57.92,64.1
58.10,64.1
58.27,64.1
58.46,64.0
58.63,64.0
58.80,64.0
59.21,63.9
59.39,63.9
59.57,63.9
59.74,64.0
60.36,64.1
60.54,64.3
60.73,64.4
60.90,64.2
61.12,63.8
61.30,63.5
61.47,63.6
61.70,63.3
61.88,63.5
62.21,63.6
62.46,63.4
62.63,63.6
62.97,63.7
63.15,63.9
63.33,64.0
63.54,63.8
63.73,63.9
63.90,64.1
64.08,64.2
64.26,64.3
64.44,64.4
64.62,64.5
64.80,64.6
64.97,64.7
65.66,64.8
65.98,64.9
66.17,65.1
66.41,65.0
66.60,65.1
66.78,65.2
66.98,65.3
67.17,65.3
67.34,65.4
67.51,65.5
67.67,65.5
67.86,65.6
68.38,65.5
68.57,65.5
68.75,65.6
68.93,65.6
69.11,65.7
69.61,65.7
69.88,65.6
70.07,65.5
70.31,65.4
70.68,65.5
70.87,65.5
71.04,65.6
71.21,65.7
71.38,65.7
71.57,65.7
71.91,65.8
72.08,65.8
72.24,65.9
72.41,65.9
72.77,66.0
72.94,66.0
73.11,65.9
73.30,65.8
73.47,65.7
73.71,65.6
73.89,65.5
74.07,65.4
74.25,65.7
74.44,66.1
74.66,66.4
74.84,66.7
75.01,67.1
75.18,67.4
75.35,67.6
75.52,67.9
75.70,67.7
75.88,68.0
76.05,68.2
76.24,68.5
76.41,68.7
76.58,68.9
76.75,69.1
76.92,69.0
77.10,68.9
77.45,68.8
77.64,69.1
77.98,69.3
78.15,69.5
78.32,69.7
78.48,69.8
78.65,70.0
78.81,70.3
78.98,70.2
79.16,70.0
79.52,69.9
79.71,69.8
79.88,69.6
80.21,69.8
80.39,70.0
80.57,70.2
80.75,70.3
81.08,70.5
81.42,70.6
81.76,70.8
82.12,70.9
82.33,71.0
82.51,71.1
82.69,71.3
83.05,71.4
83.39,71.5
83.55,71.6
83.72,71.7
84.05,71.8
84.24,71.9
84.42,71.3
84.58,70.8
84.75,71.0
84.93,71.1
85.11,71.2
85.28,71.3
85.46,71.4
85.65,71.5
85.82,71.6
86.21,71.7
86.38,71.8
86.57,72.1
86.75,72.1
86.94,72.2
87.13,72.3
87.32,72.4
87.49,72.4
87.80,72.5
88.13,72.5
88.45,72.6
88.63,72.6
88.81,72.7
89.16,72.8
89.48,72.8
