time(s),bpm
10.56,70.3
10.73,70.8
10.90,70.8
11.07,71.3
11.24,71.9
11.41,72.4
11.57,72.9
11.74,73.4
12.08,73.9
12.24,74.4
12.57,74.9
12.74,74.7
12.97,74.4
13.30,74.9
13.51,75.4
13.69,75.2
13.89,74.9
14.07,74.7
14.24,75.2
14.41,75.7
14.58,76.1
14.74,76.6
14.92,76.2
15.10,76.7
15.31,77.1
15.47,77.5
15.64,77.9
15.81,78.2
15.97,78.6
16.15,78.9
16.47,78.4
16.64,78.0
16.81,77.5
17.01,77.1
17.17,76.8
17.34,76.4
17.51,76.1
17.67,75.7
18.07,75.4
18.26,75.2
18.44,74.9
18.61,74.6
18.77,75.4
18.94,75.1
19.11,75.8
19.28,76.1
19.45,76.4
19.61,76.0
19.95,76.3
20.29,76.0
20.50,75.6
20.68,75.3
20.84,75.1
21.01,74.8
21.35,74.5
21.51,74.3
21.68,74.1
21.85,73.9
22.01,73.7
22.18,73.5
22.35,73.3
22.51,73.1
22.68,73.0
22.85,72.8
23.02,72.7
23.19,72.6
23.58,72.4
23.75,72.3
23.93,72.2
24.11,72.1
24.29,72.0
24.45,71.9
24.61,71.8
24.95,71.7
25.16,71.6
25.35,71.6
25.54,71.5
25.72,71.4
25.88,71.4
26.27,71.1
26.62,70.9
26.78,70.8
26.95,70.8
27.21,70.6
27.38,70.4
27.55,70.2
27.87,70.0
28.05,69.8
28.22,69.6
28.39,69.5
28.55,69.3
28.89,69.2
29.05,69.1
29.22,68.9
29.55,68.8
29.72,68.7
30.05,68.6
30.22,68.5
30.39,68.4
30.55,68.3
30.72,68.0
30.89,68.0
31.39,67.9
31.55,67.8
31.89,67.8
32.06,67.7
32.23,67.7
32.59,67.6
32.94,67.0
33.30,67.0
33.49,67.0
33.66,66.9
33.82,66.7
34.00,66.7
34.35,66.6
34.52,66.6
34.69,66.4
34.86,66.2
35.02,66.0
35.19,65.9
35.36,65.7
35.52,65.6
35.69,65.5
35.86,65.4
36.02,65.2
36.20,65.1
36.36,65.0
36.52,64.9
36.69,64.8
36.86,64.7
37.02,64.7
37.19,64.6
37.53,64.5
37.86,64.4
38.03,64.4
38.20,64.3
38.53,64.3
38.72,64.2
38.90,64.2
39.07,64.1
39.26,63.7
39.43,63.2
39.60,63.2
39.93,63.3
40.26,63.3
40.43,63.3
40.62,63.3
40.79,63.3
41.30,63.3
41.46,63.3
41.63,63.3
41.80,63.3
41.96,63.3
42.30,63.3
42.47,63.3
42.84,63.3
43.20,63.3
43.36,63.3
43.53,63.3
43.70,63.3
44.20,63.3
44.53,63.3
44.70,62.9
44.86,62.9
45.09,62.5
45.43,62.2
45.60,61.8
45.77,61.9
45.93,62.0
46.30,62.1
46.47,62.1
46.64,62.2
46.80,62.3
47.13,62.3
47.30,62.4
47.63,62.4
47.80,62.5
47.97,62.5
48.30,62.6
48.47,62.2
48.63,62.3
48.80,62.3
48.97,62.4
49.30,62.4
49.47,62.5
49.63,62.7
49.80,62.9
49.97,63.0
50.13,63.0
50.30,63.0
50.47,63.0
50.80,63.0
51.13,63.0
51.30,62.9
51.47,62.7
51.64,62.5
51.80,62.6
51.97,62.6
52.14,62.6
52.48,62.5
52.67,62.3
52.83,62.4
53.17,62.4
53.34,62.5
53.50,62.5
53.67,62.6
53.84,62.6
54.00,62.6
54.18,62.7
54.50,62.7
54.67,62.7
55.01,62.8
55.17,62.6
55.77,62.4
55.94,62.3
56.11,62.2
56.27,62.0
56.94,61.9
57.11,61.8
57.27,61.7
57.45,61.6
57.61,61.5
58.11,61.4
58.44,61.3
58.61,61.2
59.21,61.1
59.38,61.0
59.54,61.0
59.71,60.9
60.04,60.8
60.21,60.8
60.61,60.7
61.12,60.7
61.28,60.6
61.61,60.6
61.78,60.5
61.95,60.5
62.11,60.4
62.28,60.4
62.44,60.4
62.62,60.3
62.78,60.3
62.95,60.3
63.11,60.2
63.44,60.0
63.61,59.8
63.78,59.6
63.94,59.4
64.11,59.2
64.28,59.3
64.45,59.3
64.61,59.1
64.94,59.2
65.49,59.0
65.68,59.0
66.05,58.9
66.22,58.7
66.38,58.6
66.54,58.5
66.72,58.3
66.88,58.2
67.05,58.1
67.22,58.0
67.38,57.9
67.72,57.8
67.88,57.7
68.38,58.0
68.55,58.3
68.72,57.8
68.88,58.1
69.05,58.4
69.22,58.7
69.55,58.9
69.75,59.2
69.92,59.4
70.09,59.6
70.58,59.8
71.08,60.0
71.25,60.2
71.42,60.4
71.58,60.6
71.75,60.7
71.92,60.8
72.09,61.0
72.25,61.1
72.59,61.4
72.95,61.5
73.30,61.4
73.48,61.5
73.66,61.6
73.82,61.7
73.99,61.8
74.35,62.1
74.72,62.4
74.89,62.4
75.22,62.5
75.39,62.5
75.62,62.6
75.79,62.6
76.12,62.6
76.31,62.7
76.48,62.7
76.88,62.7
77.06,63.0
77.39,63.0
77.55,63.2
77.72,63.2
77.89,63.4
78.05,63.6
78.22,63.8
78.42,63.7
78.59,63.7
78.76,63.7
78.92,63.9
79.30,64.0
79.46,64.2
79.63,64.3
80.17,64.5
80.35,64.6
80.55,64.7
80.73,64.8
80.89,65.0
81.06,65.1
81.23,65.2
82.23,65.2
82.39,65.3
82.56,65.4
82.89,65.5
83.06,65.6
83.26,65.6
83.42,65.7
83.76,65.8
83.93,65.8
84.09,65.9
84.26,65.9
84.43,66.0
84.59,66.0
84.76,66.1
85.39,66.1
85.74,66.1
85.91,66.2
86.31,66.2
86.67,66.2
86.99,66.3
87.66,66.3
87.83,66.3
88.56,66.4
88.73,66.4
89.06,66.4
89.23,66.4
89.40,66.5
89.56,66.5
89.91,66.5
90.09,66.5
90.26,66.5
90.43,66.5
90.60,66.6
90.85,66.6
91.03,66.6
91.42,66.6
91.59,66.6
92.13,66.6
92.30,66.6
92.47,66.6
92.63,66.6
92.80,66.7
92.97,66.7
93.13,66.7
93.30,66.7
93.51,66.7
93.70,66.7
93.86,66.7
94.04,66.7
94.20,66.7
94.37,66.7
94.68,66.7
95.01,66.7
95.17,66.7
95.34,66.7
95.50,66.7
95.67,66.3
95.83,66.4
96.00,66.4
96.34,66.4
96.50,66.4
96.67,66.5
96.84,66.5
97.00,66.5
97.17,66.5
97.34,66.5
97.51,66.5
97.67,66.6
98.33,66.6
98.70,66.6
98.99,66.6
99.24,66.6
99.42,66.6
99.60,66.6
99.77,66.6
99.94,66.6
100.10,66.7
100.44,66.7
100.61,66.7
100.77,66.7
100.95,66.7
101.11,66.7
101.44,66.7
101.61,66.7
101.78,66.7
101.94,66.7
102.11,66.7
102.44,66.5
102.61,66.3
103.11,66.2
103.28,66.0
103.81,65.9
103.98,65.7
104.14,65.6
104.48,65.4
104.64,65.3
104.81,65.2
104.98,65.1
105.14,65.0
105.31,64.9
105.48,64.8
105.64,64.7
105.81,64.6
105.98,64.6
106.31,64.5
106.47,64.4
106.81,64.4
106.98,64.3
107.14,64.2
107.49,64.2
107.67,64.1
107.84,64.1
108.01,64.0
108.34,64.0
108.51,64.0
108.68,63.9
108.84,63.9
109.24,64.2
109.41,64.2
109.58,63.9
109.77,63.7
109.94,63.5
110.29,63.3
110.64,63.1
111.14,62.9
111.31,62.7
111.48,62.6
111.81,62.4
111.98,62.8
112.14,63.3
112.31,62.9
112.65,62.5
112.87,62.1
113.88,61.8
114.25,61.9
114.41,61.6
114.58,61.3
114.95,61.0
115.11,60.7
116.04,60.5
116.41,60.2
116.76,60.0
117.12,59.8
117.29,59.6
117.46,59.4
117.62,59.2
117.79,59.1
117.95,58.9
118.12,58.8
118.28,58.6
118.45,58.5
118.62,58.4
118.87,58.2
119.05,58.1
119.22,58.0
119.55,57.9
119.72,57.8
119.88,57.7
120.05,57.1
120.23,57.0
120.40,56.8
120.58,57.1
120.75,56.9
120.92,56.7
121.09,57.0
121.25,57.4
121.59,57.1
121.76,56.9
122.09,56.6
122.26,57.0
122.61,57.4
122.79,57.3
122.98,57.2
123.16,57.2
123.32,56.9
123.49,56.7
123.82,56.5
124.19,56.3
124.36,56.1
124.52,55.9
124.69,55.7
124.86,55.5
125.19,55.4
125.36,55.2
125.52,55.1
125.69,55.0
125.86,54.8
126.26,54.7
126.43,54.6
126.59,54.5
126.76,54.4
126.92,54.3
127.26,54.2
127.76,54.1
128.09,54.1
128.38,54.0
129.06,53.9
129.22,53.9
129.39,53.8
129.56,53.7
129.72,53.7
129.89,53.6
130.07,53.6
130.33,53.7
130.50,53.9
130.66,53.8
130.83,53.7
130.99,53.7
131.16,53.8
131.33,54.0
131.50,53.9
131.66,53.8
131.83,54.0
132.16,54.1
132.33,54.2
132.50,54.1
132.66,54.1
132.83,54.0
132.99,53.9
133.16,53.8
136.49,54.0
136.67,53.9
137.16,53.8
137.33,53.8
137.67,53.7
137.83,53.7
138.00,53.6
138.16,53.6
138.50,53.5
138.66,53.5
139.16,53.4
139.33,53.4
139.50,53.4
139.66,53.3
139.83,53.3
140.00,53.3
140.17,53.2
140.33,53.2
140.50,53.2
140.69,53.1
141.20,53.1
141.43,53.1
141.76,53.1
142.07,53.1
142.37,53.0
142.68,53.0
142.87,53.0
143.23,53.0
143.45,53.0
143.78,53.0
144.11,53.0
144.30,52.9
144.47,52.9
144.80,52.9
145.53,52.9
145.75,52.7
146.08,52.5
146.27,52.3
146.63,52.3
147.34,52.6
147.50,52.6
147.67,52.6
147.84,52.6
148.18,52.6
148.34,52.6
149.25,52.6
149.61,52.6
149.98,52.6
150.30,52.6
150.64,52.6
150.81,52.6
150.97,52.6
151.14,52.7
151.31,52.7
151.53,52.7
151.85,52.7
152.25,52.7
152.60,52.7
152.78,52.7
152.94,52.7
153.11,52.7
153.28,52.7
153.44,52.7
153.61,52.7
153.78,52.7
154.11,52.7
154.28,52.7
154.48,52.7
154.64,52.7
154.82,52.7
154.98,52.7
155.33,52.7
155.62,52.7
155.79,52.7
155.97,52.7
156.15,52.7
156.35,52.7
156.69,52.7
156.88,52.7
157.21,52.7
157.38,52.7
157.54,52.7
157.74,52.7
157.91,52.7
158.08,52.7
158.44,52.7
158.80,52.9
159.15,53.1
159.31,53.3
159.48,53.4
159.65,53.6
159.82,53.8
160.31,53.9
160.48,54.0
160.65,54.2
160.82,54.3
160.98,54.4
161.15,54.5
161.31,54.6
161.48,54.7
161.82,54.8
161.98,54.8
162.16,54.7
162.32,54.8
162.49,54.9
162.68,55.0
162.85,55.0
163.02,55.1
163.22,55.2
163.38,55.0
163.55,55.3
163.92,55.0
164.61,54.8
164.79,55.1
164.95,55.4
165.12,55.6
165.29,55.9
165.46,56.1
165.62,56.3
165.98,56.5
166.15,56.7
166.32,56.8
166.52,57.0
167.09,57.2
167.25,57.3
167.80,57.4
167.98,57.6
168.16,57.7
168.32,57.8
168.49,57.3
168.66,56.9
169.15,56.4
169.52,56.0
169.70,55.7
169.89,55.3
170.06,55.9
170.22,55.6
170.56,56.2
170.89,56.8
171.20,57.3
171.85,57.3
172.35,57.2
172.52,57.2
172.69,57.1
172.85,57.1
173.03,57.0
173.36,57.0
173.69,56.5
173.86,56.5
174.03,57.1
174.19,57.1
174.36,57.4
174.52,57.7
174.69,58.0
174.86,58.3
175.02,58.2
175.20,58.1
175.36,58.0
175.53,58.3
175.69,58.6
175.86,58.8
176.03,59.1
176.20,59.3
176.57,59.6
177.09,59.4
177.43,59.6
177.76,59.8
177.93,60.0
178.10,60.2
178.26,60.3
178.43,60.5
178.75,60.7
178.93,60.8
179.10,61.0
179.65,61.1
180.23,61.0
180.39,60.9
180.57,61.1
180.73,61.0
180.90,60.9
181.06,60.9
181.40,60.8
181.57,60.7
181.74,60.7
181.91,60.6
182.09,60.6
182.27,60.5
182.46,60.5
182.65,60.5
182.84,60.4
183.20,60.4
183.54,60.3
183.70,60.3
183.87,60.3
184.05,60.3
184.23,60.2
184.40,60.2
184.57,60.2
184.74,60.2
184.90,60.1
185.07,60.1
185.23,60.7
185.57,60.4
185.79,60.8
186.13,61.3
186.31,61.8
186.47,62.3
186.63,62.8
186.80,63.2
187.37,63.6
187.89,63.8
188.07,63.9
188.40,64.1
188.57,64.4
188.74,64.6
188.90,64.7
189.07,64.8
189.24,65.1
189.41,65.4
189.60,65.7
189.77,65.6
189.94,65.8
190.11,65.9
190.27,65.9
190.44,66.0
190.60,66.2
190.79,66.4
190.98,66.5
191.34,66.5
191.51,66.5
191.68,66.5
191.84,66.5
192.00,66.6
192.17,66.6
192.34,66.6
192.51,66.6
192.72,66.6
192.93,66.6
193.27,66.6
193.61,66.6
193.94,66.6
194.47,66.7
194.64,66.7
194.86,66.7
195.05,66.7
195.24,66.7
195.41,66.7
195.95,66.7
196.11,66.7
196.44,66.7
196.68,66.7
196.94,66.7
197.32,66.7
197.77,66.7
197.95,66.7
198.15,66.7
198.32,66.7
198.65,66.7
198.82,66.7
199.00,66.7
199.33,66.7
199.69,66.8
200.03,66.8
200.65,66.8
200.96,66.8
201.15,66.8
201.32,66.8
201.69,66.8
201.88,66.8
202.24,66.8
202.41,66.8
202.73,66.4
202.92,66.0
203.11,65.7
203.28,65.5
203.45,65.2
203.61,65.1
203.95,65.2
204.11,65.3
204.28,65.4
204.45,65.4
204.62,65.5
204.78,65.6
204.99,65.7
205.35,65.7
205.73,65.8
205.99,65.8
206.26,65.5
206.53,65.2
206.80,64.9
207.06,64.8
207.32,64.7
207.57,64.6
208.02,64.3
208.20,64.5
208.38,64.6
208.70,64.7
208.96,64.9
209.31,65.0
209.77,65.1
210.02,65.2
210.27,65.3
210.49,65.3
210.73,65.4
210.99,65.7
211.17,65.8
211.38,65.8
211.71,65.9
212.00,65.9
212.37,66.0
212.92,66.0
213.19,66.1
213.77,66.1
214.11,66.1
214.81,66.2
215.14,66.2
215.43,66.2
215.73,66.3
215.99,66.3
216.34,66.3
216.66,66.4
217.47,66.4
218.09,66.4
218.49,66.4
218.67,66.5
218.85,66.5
219.02,66.5
219.20,66.5
219.41,66.5
219.59,67.1
219.76,67.7
219.92,68.8
220.42,69.3
220.92,69.2
221.09,68.8
221.26,68.5
221.42,68.2
221.77,68.0
222.47,67.7
222.65,67.4
222.82,67.6
223.07,67.8
223.39,67.5
223.71,67.3
224.26,67.0
224.43,66.8
224.76,66.6
224.93,66.4
225.33,66.3
225.49,66.1
225.66,65.9
225.83,65.8
226.53,65.7
227.18,65.5
227.36,65.4
227.70,64.9
227.91,64.8
228.28,64.7
228.74,64.2
229.14,64.2
229.33,63.7
229.53,63.7
229.71,63.3
229.90,62.9
230.07,62.7
230.26,62.4
230.44,62.0
230.61,62.1
230.80,62.2
231.30,62.0
231.46,61.9
231.80,61.6
231.97,61.5
232.34,61.4
232.53,61.3
232.70,61.2
232.86,61.1
233.03,61.0
233.70,61.0
233.86,60.9
234.04,60.8
234.20,60.8
234.37,60.7
234.53,60.7
234.71,60.4
235.24,60.2
235.41,60.2
235.57,60.1
235.73,60.1
236.24,59.9
236.41,59.7
236.60,59.5
236.77,59.3
236.93,59.2
237.21,59.0
237.40,58.8
237.58,58.7
