time(s),bpm
7.70,84.4
8.21,83.9
8.71,84.4
9.21,85.0
9.71,85.5
10.21,85.8
10.71,86.0
11.21,86.2
11.71,86.5
12.21,86.7
12.74,88.3
13.28,89.1
13.78,87.5
14.28,87.5
14.78,87.5
15.28,86.7
15.78,86.5
16.28,86.2
16.82,85.6
17.34,85.0
17.85,84.4
18.44,84.2
18.98,84.0
19.48,83.3
20.00,83.1
20.54,83.2
21.06,82.7
21.55,82.8
22.09,82.9
22.59,82.4
23.08,82.5
23.62,82.0
24.12,81.4
24.62,80.7
25.12,80.2
25.62,79.6
26.12,80.1
26.62,79.5
27.12,79.8
27.66,79.5
28.19,78.4
28.69,78.1
29.19,76.9
29.69,75.7
30.23,75.4
30.72,75.1
31.23,75.1
31.73,75.0
32.28,74.5
32.79,74.1
