time(s),bpm
7.88,70.3
8.22,70.5
8.39,70.6
8.72,70.6
9.05,70.6
9.39,70.6
9.56,70.6
9.72,70.6
9.89,70.6
10.06,70.6
10.39,70.6
10.56,70.6
10.72,70.6
10.89,70.6
11.07,70.6
11.25,70.6
11.43,70.6
11.59,70.6
11.76,70.5
11.93,70.5
12.09,70.5
12.30,70.5
12.46,70.5
12.63,70.5
12.79,70.5
12.96,70.5
13.13,70.5
13.29,70.5
13.52,70.5
13.71,70.5
13.89,70.5
14.06,70.5
14.23,70.5
14.56,70.5
14.73,70.5
14.89,70.5
15.06,70.5
15.23,70.5
15.62,70.5
15.80,70.4
16.13,70.2
16.30,70.0
16.47,69.8
16.63,69.7
16.97,69.3
17.14,69.1
17.30,68.9
17.61,68.5
18.14,68.4
18.30,68.0
18.47,68.1
18.80,68.0
18.97,68.0
19.17,68.1
19.34,68.2
19.86,68.2
20.03,68.3
20.20,68.3
20.38,68.4
20.90,68.5
21.25,68.5
21.43,68.6
21.65,68.3
21.83,68.0
22.52,67.8
22.70,67.5
22.87,67.3
23.71,67.4
23.99,67.5
24.17,67.6
24.38,67.7
24.57,67.7
24.91,67.8
25.08,67.9
25.27,68.0
25.61,68.0
25.78,68.1
26.35,68.2
26.54,68.2
26.71,68.3
27.21,68.4
27.38,68.4
27.59,68.5
27.77,68.5
28.00,68.6
28.18,68.7
28.34,68.7
28.51,68.8
28.67,68.8
28.84,68.9
29.01,68.9
29.18,68.6
29.34,68.3
