time(s),bpm
7.66,56.2
8.16,57.2
8.66,58.8
9.18,60.6
9.67,62.1
10.17,64.0
10.67,65.8
11.18,67.5
11.67,67.7
12.18,67.8
12.68,67.9
13.19,68.0
13.72,68.3
14.24,68.6
14.74,68.9
15.24,68.9
15.75,69.2
16.25,69.2
16.74,69.5
17.25,69.7
17.75,69.9
18.25,70.0
18.79,69.6
19.29,69.6
19.79,69.3
20.28,69.3
20.79,69.6
21.28,69.1
21.86,68.3
22.38,69.0
22.92,70.1
23.45,69.1
23.95,70.4
24.52,71.3
25.05,72.2
25.59,71.7
26.16,72.8
26.68,73.7
27.22,74.5
27.75,76.0
28.25,77.5
28.75,77.3
29.29,77.1
29.82,76.7
30.36,76.5
30.89,76.2
31.48,75.8
32.06,75.7
32.63,75.4
33.12,75.3
33.66,75.1
34.19,74.8
34.73,74.5
35.29,74.3
35.83,74.1
36.36,73.9
36.86,73.7
37.44,73.5
37.96,73.3
38.46,72.9
38.96,72.6
39.50,73.7
40.06,74.1
40.60,76.6
41.16,77.4
41.70,76.4
42.20,75.9
42.73,76.6
43.31,77.4
43.84,78.2
44.39,78.9
44.96,79.4
45.50,80.1
46.08,80.7
46.60,81.1
47.14,81.5
47.67,81.9
48.17,82.2
48.68,82.5
49.17,82.6
49.69,82.7
50.21,82.8
50.70,83.1
51.20,83.4
51.70,83.6
52.20,83.7
52.71,83.9
53.21,84.3
53.71,84.7
54.21,84.9
54.71,85.1
55.21,85.4
55.79,85.8
56.31,85.9
56.81,86.0
57.31,87.9
57.82,87.9
58.33,87.9
58.84,87.7
59.37,87.3
59.88,86.7
60.38,86.2
60.89,85.9
61.41,85.6
61.91,85.6
62.41,85.7
62.92,85.2
63.42,84.6
63.91,84.4
64.41,83.4
