time(s),bpm
12.39,70.3
12.56,70.8
12.90,71.3
13.40,71.3
13.57,71.5
13.73,71.8
13.90,72.0
14.08,72.2
14.26,72.5
14.43,72.1
14.60,72.0
14.83,71.9
15.00,72.5
15.17,73.1
15.34,73.7
15.74,73.5
16.09,73.3
16.29,73.2
16.47,73.0
16.64,72.9
16.82,72.7
17.17,72.6
17.36,72.5
17.54,73.1
17.71,73.7
17.87,74.3
18.04,74.9
18.20,75.4
18.37,74.9
19.07,74.5
19.24,74.1
19.41,74.6
19.58,74.6
19.74,74.1
19.91,74.7
20.08,74.7
20.33,74.6
20.67,74.2
20.84,73.8
21.17,73.4
21.34,73.0
21.51,72.7
21.68,72.3
21.84,72.4
22.18,72.1
22.75,72.2
22.92,71.9
23.11,71.6
23.45,71.3
23.70,71.5
23.88,71.2
24.21,71.0
24.38,70.7
24.54,70.5
24.71,70.3
24.88,70.1
25.05,69.5
25.21,69.0
25.38,68.5
25.83,68.0
26.01,67.5
26.18,67.1
26.35,66.7
