time(s),bpm
11.23,70.3
11.57,70.3
11.74,70.3
11.90,70.3
12.07,70.3
12.24,70.3
12.40,70.3
12.74,70.6
12.90,70.9
13.24,71.2
13.57,71.5
13.74,71.8
13.90,72.1
14.07,72.3
14.46,72.6
14.64,72.8
14.81,73.1
14.97,73.3
15.14,73.5
15.31,73.7
15.48,73.9
15.64,74.1
15.81,74.3
16.14,74.4
16.31,74.6
16.47,74.7
16.64,74.9
16.81,75.0
17.36,75.3
17.87,75.6
18.04,75.9
18.21,76.2
18.38,76.5
18.54,76.7
18.71,76.2
18.89,76.4
19.08,76.7
19.58,76.9
20.18,76.3
20.34,75.8
20.68,75.3
21.01,75.6
21.27,75.9
21.61,76.2
21.95,76.4
22.12,76.7
22.45,76.9
22.62,77.1
22.78,77.4
22.99,77.5
23.18,77.7
23.49,77.9
23.68,78.1
23.85,78.2
24.02,78.4
24.19,78.5
24.35,78.6
24.52,78.8
24.70,78.9
24.88,78.0
25.45,78.2
25.64,78.3
25.82,78.5
26.20,77.6
26.50,77.8
26.85,78.0
27.02,78.1
27.19,77.7
27.63,76.9
27.79,76.5
27.96,76.2
28.12,75.8
28.45,75.5
28.62,75.2
28.79,75.0
28.96,74.7
29.13,74.5
29.32,74.2
29.49,74.0
29.65,73.8
29.82,73.6
29.99,73.0
30.16,73.5
30.32,72.9
30.49,72.4
30.90,71.8
31.12,71.4
31.32,70.9
31.49,70.5
31.66,70.1
32.53,69.7
32.69,69.3
32.86,69.0
33.25,68.7
33.42,68.4
33.83,68.1
34.16,67.8
34.49,67.6
34.66,67.3
34.83,67.1
34.99,66.9
35.16,66.7
35.33,66.3
35.62,65.9
35.79,65.8
36.11,65.4
36.29,65.1
36.46,64.8
36.63,64.5
36.96,64.3
37.13,64.0
37.30,63.8
37.46,63.6
37.96,63.5
38.29,63.9
38.47,63.9
