time(s),bpm
7.92,84.4
8.09,84.4
8.25,84.4
8.42,84.4
8.61,84.4
8.80,84.4
8.95,84.4
9.13,84.4
9.29,84.4
9.46,84.4
9.63,84.4
9.81,84.4
9.99,84.4
10.16,84.7
10.34,85.1
10.54,85.0
10.72,85.4
10.89,85.7
11.07,86.0
11.23,86.3
11.39,86.5
11.56,86.8
11.73,87.0
11.92,87.3
12.10,87.5
12.27,87.7
12.43,87.9
12.59,88.1
12.80,88.3
13.03,88.5
13.19,88.6
13.38,88.8
13.56,88.9
13.72,89.1
13.90,89.2
14.06,88.5
14.23,87.9
14.40,87.3
14.57,86.8
14.73,86.2
14.92,85.5
15.09,85.1
15.33,84.7
15.57,84.2
15.76,83.9
15.93,83.5
16.10,83.2
16.26,82.8
16.43,82.5
16.60,82.2
16.78,82.0
16.96,81.7
17.13,80.7
17.34,80.5
17.53,80.3
17.70,80.1
17.87,80.0
18.08,79.2
18.28,78.5
18.59,78.5
18.77,77.8
19.14,77.2
19.33,76.6
19.67,76.7
19.88,76.1
20.06,75.6
20.24,75.7
20.40,75.8
20.57,75.9
20.89,75.9
21.07,76.0
21.50,76.1
21.84,75.6
22.01,75.1
22.17,74.0
22.34,73.6
22.50,73.8
22.67,74.0
22.90,73.6
23.22,72.6
