time(s),bpm
9.31,84.4
9.49,84.4
9.86,84.4
10.04,84.4
10.23,84.4
10.59,84.1
10.77,83.5
11.15,82.9
11.34,83.0
11.53,82.4
11.72,82.5
11.92,81.9
12.10,81.3
12.27,80.8
12.46,80.2
12.64,79.7
12.83,79.2
13.00,78.8
13.20,78.3
13.37,77.9
13.54,77.5
14.10,77.1
14.27,76.7
14.63,76.4
14.81,76.1
14.99,75.7
15.17,75.4
15.35,75.2
15.54,74.9
15.72,74.6
15.90,74.4
16.09,74.2
16.28,74.0
16.46,73.8
16.65,73.6
16.84,73.4
17.05,73.2
17.24,73.1
17.42,72.9
17.60,72.8
17.78,72.6
17.97,72.5
18.14,72.4
18.34,72.3
18.53,72.1
18.84,72.2
19.01,72.7
19.20,72.8
19.39,72.6
19.56,72.3
19.73,72.2
19.90,71.7
20.06,71.2
20.23,71.4
20.39,71.5
20.70,71.6
20.86,71.8
21.03,71.9
21.35,72.0
21.52,72.1
21.70,71.6
21.87,71.3
22.03,71.1
22.20,70.8
22.37,70.4
22.54,70.0
22.87,69.6
23.03,69.3
23.37,68.9
23.53,68.6
23.80,68.3
23.97,68.0
24.14,67.8
24.31,67.5
24.64,67.3
24.81,67.1
25.05,66.9
25.24,67.4
