time(s),bpm
8.05,98.4
8.43,98.1
8.62,97.8
8.79,97.5
8.96,97.2
9.12,96.8
9.29,96.5
9.46,96.3
9.62,95.9
9.79,95.6
9.97,95.2
10.49,94.9
10.73,94.5
10.90,94.2
11.09,93.8
11.26,93.5
11.43,93.1
11.62,92.8
11.82,92.5
11.99,92.2
12.16,91.9
12.33,91.6
12.66,91.3
12.84,91.0
13.02,90.8
13.20,90.5
13.37,90.3
13.56,90.3
13.78,90.1
13.96,89.5
14.13,89.0
14.30,87.8
14.80,87.8
14.97,87.4
15.13,86.1
15.33,84.8
15.51,83.6
15.69,82.4
15.87,81.5
16.07,80.8
16.26,79.9
16.43,79.4
16.80,78.8
17.17,77.8
17.45,77.4
17.63,77.1
17.80,76.6
17.97,76.2
18.14,75.8
18.51,75.1
18.87,74.7
19.23,74.4
19.40,74.1
19.81,73.7
20.00,73.4
20.37,73.2
20.54,72.9
20.71,72.6
20.87,72.4
21.05,72.1
21.24,71.9
21.42,71.7
21.60,71.5
21.77,71.2
21.94,71.1
22.11,70.9
22.27,70.7
22.50,70.5
22.67,70.4
22.84,70.2
23.01,70.1
23.18,69.6
23.37,69.2
23.55,68.8
23.74,68.4
23.90,68.0
24.08,67.6
24.24,67.3
24.43,67.0
24.63,66.6
24.87,66.3
25.04,66.1
25.20,65.8
25.37,65.5
25.55,65.6
25.74,65.3
25.91,65.1
26.07,64.8
26.24,64.6
26.41,64.4
26.58,64.2
26.74,64.0
26.91,63.8
27.07,63.7
27.24,63.5
27.53,63.3
27.72,63.0
27.91,62.7
28.08,62.4
