time(s),bpm
7.89,98.4
8.05,98.4
8.22,98.4
8.39,98.4
8.55,98.4
8.72,98.4
8.89,98.4
9.05,98.4
9.22,98.1
9.40,98.1
9.96,97.8
10.30,97.5
10.46,97.2
10.62,96.9
10.79,96.6
10.96,96.4
11.12,96.1
11.29,95.9
11.46,95.6
11.63,95.4
11.79,95.2
11.96,95.0
12.13,94.8
12.29,94.6
12.46,94.4
12.63,94.3
12.80,94.1
12.96,94.0
13.13,93.8
13.30,93.7
13.47,93.6
13.63,92.5
13.79,92.4
14.01,91.4
14.19,90.4
14.36,90.5
14.53,90.5
14.86,90.6
15.03,89.6
15.19,89.7
15.36,89.8
15.53,89.9
15.86,90.0
16.03,90.1
16.20,89.8
16.51,89.8
16.69,89.5
16.86,89.6
17.25,89.4
17.46,89.1
17.63,88.8
17.84,89.0
18.09,89.1
18.27,88.8
18.43,88.6
18.78,88.5
19.13,86.9
19.30,85.4
19.48,84.4
